7.96 12.81 5.62 9.19 7.18 14.05 12.31 15.16 6.27 14.41 8.98 4.58 15.28 5.18 7.06 14.15 11.98 10.15 7.69 13.72 10.1 6.49 12.87 5.79 13.56 15.22 10.98 15.17 9.56 12.32 4.88 
17.35 14.05 12.48 8.94 10.71 12.88 9.12 13.61 9.63 7.23 10.23 11.62 16.47 14.62 12.11 11.81 15.18 12.34 16.31 12.86 12.82 10.98 17.85 12.82 12.84 12.09 12.07 16.26 8.79 
20.11 12.84 12.54 14.06 17.57 12.33 16.6 17.97 13.56 10.46 20.5 14.68 19.57 18.19 10.99 19.74 19.17 11.74 17.82 11.13 15.16 16.82 13.28 16.09 17.34 13.98 15.08 18.31 11.75 17.73 13.1 
16.76 20.98 14.42 20.33 15.71 17.47 13.3 23.48 17.68 13.46 15.73 21.04 15.14 16.28 19.86 22.54 23.13 19.01 18.42 21.94 16.28 13.24 14.41 21.06 17.98 22.56 13.54 13.12 21.98 18.04 
24.16 15.72 17.53 18.19 26.1 18.34 17.47 17.39 24.15 20.88 20.62 16.74 21.97 16.04 24.6 18.87 21.73 16.49 22.53 23.36 19.24 17.33 18.39 20.98 20.78 17.98 19.83 23.52 24.29 22.14 23.99 
22.22 21.39 23.13 21.84 26.8 21.17 28.18 25.32 28.6 21.17 21.26 24.32 25.87 24.21 25.68 28.71 31.04 30.51 21.74 31.09 22.51 26.26 24.13 32.18 29.85 23.37 27.05 28.03 29.96 30.68 
37.09 35.0 36.72 27.33 35.51 35.81 36.27 31.76 36.73 29.84 32.38 37.34 29.53 36.36 29.64 28.96 32.86 29.02 29.46 28.64 31.35 31.51 31.87 34.44 34.56 36.18 29.17 30.4 35.67 31.94 27.06 
33.66 29.9 39.66 33.54 36.81 29.87 29.88 37.35 33.0 34.03 30.26 38.53 37.28 39.82 29.62 34.39 30.79 31.39 30.32 35.23 33.13 30.94 35.49 34.95 33.12 39.13 30.07 40.08 29.75 30.37 31.66 
35.4 34.29 31.97 27.19 26.68 35.99 37.61 30.12 36.05 32.61 36.3 36.12 36.19 27.51 37.42 29.11 33.37 34.33 29.67 35.06 31.72 34.57 36.48 32.59 29.97 30.76 31.18 30.51 29.12 28.31 
28.25 24.73 29.21 24.73 28.99 28.51 27.08 25.04 28.01 26.49 27.96 26.23 29.12 24.53 29.04 26.28 24.85 29.03 27.74 24.12 27.28 26.83 26.28 27.04 25.71 28.52 29.06 24.24 29.18 25.95 26.91 
15.84 13.21 21.13 17.82 13.53 18.76 15.62 16.08 19.87 16.83 13.18 17.49 23.49 20.72 14.66 18.79 16.06 22.89 23.84 19.54 13.39 22.67 20.16 22.91 18.12 19.87 16.87 23.03 19.38 20.94 
6.91 7.32 13.64 9.49 6.86 5.57 15.17 7.91 4.97 10.87 10.48 9.48 16.62 17.61 12.65 10.29 15.15 7.03 13.43 8.92 8.01 9.87 13.68 8.17 10.55 13.74 6.06 8.24 7.69 5.72 10.09 
